100 10 20
CAL 0 121.83 122.26 123.94 122.11 120.58
UCB 0 52.34 50.89 47.62 51.16 52.4
RIT 0 100.21 99.33 102.87 110.63 110.72
UCLA 0 12.5 27.22 9.32 16.07 3.86
USC 0 249.58 244.24 242.56 245.13 245.35
UFL 0 20.21 19.77 21.34 20.21 21.17
UMAD 0 109.39 120.49 131.35 127.97 121.38
RICE 0 126.3 128 129.08 129.28 124.44
UMD 0 102.96 103.62 98.22 96.6 99.1
UCSC 0 213.77 193.51 178.53 180.08 208.29
3.5 10 19
CAL 0 122.26 123.94 122.11 120.58 127.86
UCB 0 50.89 47.62 51.16 52.4 50.79
RIT 0 99.33 102.87 110.63 110.72 109.25
UCLA 25 27.22 9.32 16.07 3.86 25.55
USC 0 244.24 242.56 245.13 245.35 237.96
UFL 0 19.77 21.34 20.21 21.17 23.53
UMAD 0 120.49 131.35 127.97 121.38 145.5
RICE 0 128 129.08 129.28 124.44 122.91
UMD 0 103.62 98.22 96.6 99.1 95.92
UCSC 0 193.51 178.53 180.08 208.29 166.44
3.5 10 18
CAL 0 123.94 122.11 120.58 127.86 123.64
UCB 0 47.62 51.16 52.4 50.79 51.02
RIT 0 102.87 110.63 110.72 109.25 105.34
UCLA 25 9.32 16.07 3.86 25.55 28.1
USC 0 242.56 245.13 245.35 237.96 244.83
UFL 0 21.34 20.21 21.17 23.53 24.87
UMAD 0 131.35 127.97 121.38 145.5 136.1
RICE 0 129.08 129.28 124.44 122.91 124.7
UMD 0 98.22 96.6 99.1 95.92 101.74
UCSC 0 178.53 180.08 208.29 166.44 173.77
3.5 10 17
CAL 0 122.11 120.58 127.86 123.64 118.37
UCB 0 51.16 52.4 50.79 51.02 50.99
RIT 0 110.63 110.72 109.25 105.34 112.24
UCLA 25 16.07 3.86 25.55 28.1 6.5
USC 0 245.13 245.35 237.96 244.83 244.98
UFL 0 20.21 21.17 23.53 24.87 24.76
UMAD 0 127.97 121.38 145.5 136.1 101.45
RICE 0 129.28 124.44 122.91 124.7 129.41
UMD 0 96.6 99.1 95.92 101.74 101.35
UCSC 0 180.08 208.29 166.44 173.77 225.7
3.5 10 16
CAL 0 120.58 127.86 123.64 118.37 124.3
UCB 0 52.4 50.79 51.02 50.99 51.3
RIT 0 110.72 109.25 105.34 112.24 111.5
UCLA 25 3.86 25.55 28.1 6.5 29.76
USC 0 245.35 237.96 244.83 244.98 250.49
UFL 0 21.17 23.53 24.87 24.76 23.53
UMAD 0 121.38 145.5 136.1 101.45 111.91
RICE 0 124.44 122.91 124.7 129.41 117.72
UMD 0 99.1 95.92 101.74 101.35 102.21
UCSC 0 208.29 166.44 173.77 225.7 209.92
3.5 10 15
CAL 0 127.86 123.64 118.37 124.3 126.5
UCB 0 50.79 51.02 50.99 51.3 50.21
RIT 0 109.25 105.34 112.24 111.5 109.4
UCLA 25 25.55 28.1 6.5 29.76 6.82
USC 0 237.96 244.83 244.98 250.49 244.85
UFL 0 23.53 24.87 24.76 23.53 26.1
UMAD 0 145.5 136.1 101.45 111.91 126.09
RICE 0 122.91 124.7 129.41 117.72 124.5
UMD 0 95.92 101.74 101.35 102.21 95.76
UCSC 0 166.44 173.77 225.7 209.92 177.39
3.5 10 14
CAL 0 123.64 118.37 124.3 126.5 120.8
UCB 0 51.02 50.99 51.3 50.21 48.66
RIT 0 105.34 112.24 111.5 109.4 114.01
UCLA 25 28.1 6.5 29.76 6.82 4.05
USC 0 244.83 244.98 250.49 244.85 232.89
UFL 0 24.87 24.76 23.53 26.1 27.75
UMAD 0 136.1 101.45 111.91 126.09 148.89
RICE 0 124.7 129.41 117.72 124.5 124.92
UMD 0 101.74 101.35 102.21 95.76 104.75
UCSC 0 173.77 225.7 209.92 177.39 160.26
3.5 10 13
CAL 0 118.37 124.3 126.5 120.8 119.9
UCB 0 50.99 51.3 50.21 48.66 48.9
RIT 0 112.24 111.5 109.4 114.01 120.31
UCLA 25 6.5 29.76 6.82 4.05 4.89
USC 0 244.98 250.49 244.85 232.89 251.94
UFL 0 24.76 23.53 26.1 27.75 27.86
UMAD 0 101.45 111.91 126.09 148.89 142.16
RICE 0 129.41 117.72 124.5 124.92 119.7
UMD 0 101.35 102.21 95.76 104.75 98.07
UCSC 0 225.7 209.92 177.39 160.26 169.34
3.5 10 12
CAL 0 124.3 126.5 120.8 119.9 127.83
UCB 0 51.3 50.21 48.66 48.9 51.13
RIT 0 111.5 109.4 114.01 120.31 125.17
UCLA 25 29.76 6.82 4.05 4.89 21.09
USC 0 250.49 244.85 232.89 251.94 230.66
UFL 0 23.53 26.1 27.75 27.86 29.88
UMAD 0 111.91 126.09 148.89 142.16 136.97
RICE 0 117.72 124.5 124.92 119.7 117.37
UMD 0 102.21 95.76 104.75 98.07 99.65
UCSC 0 209.92 177.39 160.26 169.34 163.42
3.5 10 11
CAL 0 126.5 120.8 119.9 127.83 125.62
UCB 0 50.21 48.66 48.9 51.13 50.09
RIT 0 109.4 114.01 120.31 125.17 123.8
UCLA 25 6.82 4.05 4.89 21.09 33.49
USC 0 244.85 232.89 251.94 230.66 233.07
UFL 0 26.1 27.75 27.86 29.88 31.57
UMAD 0 126.09 148.89 142.16 136.97 106.86
RICE 0 124.5 124.92 119.7 117.37 125.93
UMD 0 95.76 104.75 98.07 99.65 96.69
UCSC 0 177.39 160.26 169.34 163.42 228.5
3.5 10 10
CAL 0 120.8 119.9 127.83 125.62 132.72
UCB 0 48.66 48.9 51.13 50.09 54.07
RIT 0 114.01 120.31 125.17 123.8 131.43
UCLA 25 4.05 4.89 21.09 33.49 29.46
USC 0 232.89 251.94 230.66 233.07 235.1
UFL 0 27.75 27.86 29.88 31.57 31.32
UMAD 0 148.89 142.16 136.97 106.86 148.84
RICE 0 124.92 119.7 117.37 125.93 118.11
UMD 0 104.75 98.07 99.65 96.69 94.25
UCSC 0 160.26 169.34 163.42 228.5 173.56
3.5 10 9
CAL 0 119.9 127.83 125.62 132.72 124.34
UCB 0 48.9 51.13 50.09 54.07 53.89
RIT 0 120.31 125.17 123.8 131.43 131.18
UCLA 25 4.89 21.09 33.49 29.46 4.95
USC 0 251.94 230.66 233.07 235.1 236.22
UFL 0 27.86 29.88 31.57 31.32 32.45
UMAD 0 142.16 136.97 106.86 148.84 118.32
RICE 0 119.7 117.37 125.93 118.11 127.94
UMD 0 98.07 99.65 96.69 94.25 91.86
UCSC 0 169.34 163.42 228.5 173.56 220.44
3.5 10 8
CAL 0 127.83 125.62 132.72 124.34 125.71
UCB 0 51.13 50.09 54.07 53.89 51.1
RIT 0 125.17 123.8 131.43 131.18 128.62
UCLA 25 21.09 33.49 29.46 4.95 27.92
USC 0 230.66 233.07 235.1 236.22 231.27
UFL 0 29.88 31.57 31.32 32.45 32.06
UMAD 0 136.97 106.86 148.84 118.32 98.7
RICE 0 117.37 125.93 118.11 127.94 120.71
UMD 0 99.65 96.69 94.25 91.86 98.93
UCSC 0 163.42 228.5 173.56 220.44 243.96
3.5 10 7
CAL 0 125.62 132.72 124.34 125.71 125.85
UCB 0 50.09 54.07 53.89 51.1 53.08
RIT 0 123.8 131.43 131.18 128.62 130.56
UCLA 25 33.49 29.46 4.95 27.92 19.77
USC 0 233.07 235.1 236.22 231.27 235.66
UFL 0 31.57 31.32 32.45 32.06 30.19
UMAD 0 106.86 148.84 118.32 98.7 127.6
RICE 0 125.93 118.11 127.94 120.71 122.38
UMD 0 96.69 94.25 91.86 98.93 94.37
UCSC 0 228.5 173.56 220.44 243.96 203.95
3.5 10 6
CAL 0 132.72 124.34 125.71 125.85 118.47
UCB 0 54.07 53.89 51.1 53.08 48.54
RIT 0 131.43 131.18 128.62 130.56 136.79
UCLA 25 29.46 4.95 27.92 19.77 30.34
USC 0 235.1 236.22 231.27 235.66 245.78
UFL 0 31.32 32.45 32.06 30.19 30.78
UMAD 0 148.84 118.32 98.7 127.6 143.81
RICE 0 118.11 127.94 120.71 122.38 126.94
UMD 0 94.25 91.86 98.93 94.37 99.78
UCSC 0 173.56 220.44 243.96 203.95 159.41
3.5 10 5
CAL 0 124.34 125.71 125.85 118.47 124.81
UCB 0 53.89 51.1 53.08 48.54 52.24
RIT 0 131.18 128.62 130.56 136.79 129.23
UCLA 25 4.95 27.92 19.77 30.34 9.01
USC 0 236.22 231.27 235.66 245.78 248.35
UFL 0 32.45 32.06 30.19 30.78 31
UMAD 0 118.32 98.7 127.6 143.81 130.15
RICE 0 127.94 120.71 122.38 126.94 121.86
UMD 0 91.86 98.93 94.37 99.78 97.83
UCSC 0 220.44 243.96 203.95 159.41 189.91
3.5 10 4
CAL 0 125.71 125.85 118.47 124.81 118.07
UCB 0 51.1 53.08 48.54 52.24 48.99
RIT 0 128.62 130.56 136.79 129.23 142.48
UCLA 25 27.92 19.77 30.34 9.01 27.8
USC 0 231.27 235.66 245.78 248.35 248.92
UFL 0 32.06 30.19 30.78 31 30.71
UMAD 0 98.7 127.6 143.81 130.15 149.47
RICE 0 120.71 122.38 126.94 121.86 127.12
UMD 0 98.93 94.37 99.78 97.83 104.11
UCSC 0 243.96 203.95 159.41 189.91 161.72
3.5 10 3
CAL 0 125.85 118.47 124.81 118.07 127.2
UCB 0 53.08 48.54 52.24 48.99 52.44
RIT 0 130.56 136.79 129.23 142.48 103.12
UCLA 25 19.77 30.34 9.01 27.8 27.78
USC 0 235.66 245.78 248.35 248.92 235.43
UFL 0 30.19 30.78 31 30.71 30.15
UMAD 0 127.6 143.81 130.15 149.47 105.53
RICE 0 122.38 126.94 121.86 127.12 117.78
UMD 0 94.37 99.78 97.83 104.11 95.66
UCSC 0 203.95 159.41 189.91 161.72 246.45
3.5 10 2
CAL 0 118.47 124.81 118.07 127.2 127.78
UCB 0 48.54 52.24 48.99 52.44 52.03
RIT 0 136.79 129.23 142.48 103.12 101.41
UCLA 25 30.34 9.01 27.8 27.78 28.22
USC 0 245.78 248.35 248.92 235.43 229.59
UFL 0 30.78 31 30.71 30.15 32.68
UMAD 0 143.81 130.15 149.47 105.53 142.96
RICE 0 126.94 121.86 127.12 117.78 125.38
UMD 0 99.78 97.83 104.11 95.66 98.36
UCSC 0 159.41 189.91 161.72 246.45 167.24
3.5 10 1
CAL 0 124.81 118.07 127.2 127.78 128.44
UCB 0 52.24 48.99 52.44 52.03 52.48
RIT 0 129.23 142.48 103.12 101.41 110.49
UCLA 25 9.01 27.8 27.78 28.22 32.43
USC 0 248.35 248.92 235.43 229.59 235.35
UFL 0 31 30.71 30.15 32.68 32.78
UMAD 0 130.15 149.47 105.53 142.96 105.68
RICE 0 121.86 127.12 117.78 125.38 124.22
UMD 0 97.83 104.11 95.66 98.36 103.2
UCSC 0 189.91 161.72 246.45 167.24 210.18
